100
105 59 3 67 27 32 29 95 98 21 4 34 62 69 96 88 15 22 8 23 12 59 98 62 96 46 25 48 18 5 48 82 23 56 29 21 100 98 7 67 104 6 103 39 1 53 109 65 30 75 50 6 3 49 89 6 61 66 36 106 39 4 96 59 90 14 20 6 5 44 33 80 5 42 34 2 64 51 18 77 9 105 93 29 73 14 10 97 7 55 39 42 87 42 65 48 73 52 47 20 
47 84 98 71 1 83 64 1 27 105 8 61 68 24 88 26 29 0 0 4 52 84 3 24 9 100 62 101 59 69 101 99 75 68 77 75 100 75 101 35 56 56 94 5 97 2 41 83 17 13 55 70 11 26 86 46 43 65 71 22 65 79 50 16 75 85 53 57 29 79 34 94 58 41 80 74 1 87 106 4 40 49 15 29 43 14 9 24 5 77 93 1 38 98 48 77 66 105 87 59 
46 98 98 10 90 15 60 108 30 0 25 51 85 89 85 29 2 78 31 54 28 84 4 90 1 38 22 79 109 9 43 20 28 73 18 10 106 1 27 14 99 18 41 19 53 80 78 33 8 3 90 19 89 20 84 71 92 4 21 67 52 31 79 35 5 94 5 35 65 103 96 12 19 33 1 62 92 79 48 45 102 40 67 108 97 64 102 82 54 10 25 12 44 47 29 87 85 7 11 46 
109 79 11 28 85 76 57 25 102 87 66 49 63 56 91 30 76 21 83 7 16 66 77 100 73 43 10 41 50 102 88 81 73 26 21 64 9 90 41 86 71 75 21 54 91 8 67 28 77 13 88 72 103 93 19 46 37 46 97 78 84 76 90 1 73 104 93 70 106 55 60 74 105 27 59 24 28 33 91 71 97 77 0 2 109 58 46 65 90 109 104 0 26 39 99 63 5 1 54 22 
1 74 78 41 87 10 60 86 63 90 8 76 101 45 59 104 52 62 10 97 102 50 109 31 13 76 24 3 38 42 92 63 8 100 52 107 89 94 48 47 62 34 94 85 51 18 36 18 95 108 45 19 67 29 86 97 97 99 59 10 53 14 34 83 82 107 89 98 32 35 82 83 49 0 87 20 68 96 83 9 76 105 43 99 8 25 86 105 12 37 26 52 84 20 33 89 89 51 96 95 
70 33 74 59 22 32 93 45 36 22 73 9 50 16 3 108 21 5 92 6 5 40 45 30 101 4 70 80 42 6 45 93 109 36 16 86 71 86 0 102 36 11 56 74 107 73 37 34 35 12 35 0 80 56 40 11 78 96 32 21 54 74 105 92 39 91 100 66 103 54 51 62 51 77 12 41 81 101 44 69 46 77 22 90 92 9 33 44 77 68 0 18 76 59 107 45 69 4 8 22 
80 4 49 6 45 12 83 72 70 75 46 96 98 25 27 1 4 55 79 65 69 69 95 48 53 35 53 88 53 57 78 94 5 51 46 57 46 7 46 105 45 103 76 7 16 96 86 48 54 15 82 69 108 2 13 30 102 72 35 78 9 63 73 89 12 93 82 65 19 105 34 29 10 46 44 96 59 70 69 83 32 82 66 31 54 44 52 60 88 51 48 28 92 58 52 4 21 67 52 71 
41 71 3 67 108 108 107 38 7 19 0 70 9 5 96 63 10 92 57 65 35 28 89 68 69 76 13 66 45 74 51 105 19 47 78 66 102 95 41 34 72 77 89 82 5 78 67 37 90 6 63 3 102 40 44 7 27 102 89 34 10 80 2 2 90 34 56 74 54 94 45 51 71 15 100 26 33 43 58 54 99 97 89 62 71 77 62 105 62 12 88 101 26 42 10 31 54 99 89 105 
0 83 27 104 40 100 16 77 37 52 24 40 36 47 82 26 80 21 109 73 86 40 20 15 99 57 49 39 95 66 8 2 39 94 15 86 46 106 74 46 51 78 38 57 98 95 74 102 95 1 3 2 73 80 83 77 65 15 97 96 54 54 19 52 78 80 37 101 66 3 32 78 18 80 43 28 71 78 64 68 2 2 105 59 14 108 84 43 108 43 99 41 76 38 38 13 20 53 79 98 
96 54 11 54 20 20 48 86 56 60 19 59 46 27 33 44 50 21 2 46 21 29 92 32 1 34 78 53 81 83 38 25 68 68 10 101 68 82 14 77 78 24 2 85 30 20 86 109 70 6 74 21 7 34 73 94 10 85 56 74 20 51 51 31 34 28 9 51 19 6 23 10 9 79 87 60 61 57 12 87 49 95 8 88 43 53 61 28 4 84 40 92 61 65 7 2 0 59 66 36 
1 1 6 61 28 42 82 43 0 63 3 14 104 13 58 8 23 10 84 64 78 29 15 42 9 28 94 86 50 42 87 45 23 14 75 105 68 54 98 24 23 74 53 68 89 60 3 58 12 68 99 89 25 12 63 57 71 2 34 12 100 22 9 108 101 22 26 76 98 103 39 16 6 98 83 15 53 6 102 47 38 6 23 58 42 81 67 87 54 104 82 32 51 65 21 59 6 99 67 89 
104 6 29 56 35 93 70 66 75 53 109 20 73 67 87 72 106 96 66 20 37 102 0 105 10 58 106 66 25 95 8 106 55 0 69 50 77 86 57 86 8 14 1 17 24 0 101 37 98 64 24 8 3 50 14 42 18 76 75 107 49 102 49 47 9 95 16 102 94 71 92 49 56 66 103 33 75 50 101 73 96 22 2 40 95 34 74 71 23 57 106 9 67 41 19 6 80 104 66 101 
62 11 6 23 8 7 8 50 84 105 81 43 72 95 101 83 42 72 81 99 82 65 1 62 22 40 60 33 65 43 59 68 34 58 13 66 31 82 25 26 63 108 48 85 37 98 41 3 23 94 5 95 48 91 93 86 45 38 57 97 15 95 88 7 58 108 47 60 33 38 42 89 89 21 45 93 95 36 56 90 90 103 21 84 97 89 8 45 44 101 1 54 55 55 77 39 60 43 79 23 
79 94 29 39 70 102 100 93 54 11 61 79 88 105 61 29 9 24 47 53 7 88 8 7 39 37 0 37 2 21 38 36 68 52 64 65 41 106 6 49 59 4 97 22 51 55 13 84 11 89 45 70 103 61 74 53 7 102 65 19 44 44 92 23 92 55 74 91 14 96 78 61 51 26 107 34 93 78 14 45 23 97 34 56 67 80 55 80 55 47 82 108 99 72 29 4 90 51 32 27 
66 8 56 33 61 47 23 97 23 72 71 37 24 86 72 106 37 104 37 47 92 5 16 101 38 62 21 20 13 91 47 1 0 25 61 24 33 27 87 58 85 78 8 103 74 36 93 52 59 33 26 46 14 0 73 30 12 61 82 67 83 76 87 75 55 51 36 93 83 86 50 42 47 6 16 56 25 47 67 17 85 19 99 3 107 48 39 89 34 25 24 81 109 17 4 39 7 71 71 17 
24 38 105 33 6 13 81 2 19 102 86 81 101 8 68 99 56 61 105 100 25 81 9 30 68 97 37 28 62 5 109 74 20 27 4 11 90 9 103 94 6 76 13 3 11 82 1 96 9 15 99 107 79 107 90 49 58 59 52 67 92 89 1 104 66 73 45 24 88 41 54 101 63 7 34 82 0 57 24 25 47 83 77 19 60 2 91 4 85 26 2 39 92 40 11 72 90 15 93 84 
37 80 60 46 64 45 26 27 91 8 102 103 29 68 45 20 21 101 103 62 23 11 34 88 72 90 76 28 62 20 45 63 63 66 68 31 109 65 58 93 13 106 67 22 92 100 86 88 23 71 18 10 30 106 11 38 97 26 28 27 9 7 106 6 17 101 18 51 1 13 27 5 44 85 51 10 54 71 25 30 106 49 19 17 14 32 39 57 34 99 56 20 72 74 22 12 87 90 31 43 
88 107 51 38 93 59 39 95 17 104 23 91 99 96 43 15 99 32 67 109 15 71 109 13 18 4 17 11 26 5 86 49 36 73 100 17 12 17 81 15 25 69 26 24 68 3 91 79 84 59 46 103 67 66 63 24 59 4 83 23 109 71 60 3 45 83 24 94 71 50 65 23 101 89 42 76 87 27 48 4 58 100 77 69 109 23 51 32 94 12 20 21 53 47 11 72 7 63 50 29 
22 12 57 73 41 45 99 30 80 58 48 52 74 5 17 84 75 28 59 79 101 50 105 106 38 27 49 51 85 58 19 67 4 77 54 30 98 76 94 49 71 75 24 96 103 45 84 62 80 91 31 54 87 66 48 50 43 90 92 33 96 60 33 51 85 63 86 3 7 62 52 80 71 21 63 34 66 8 8 60 2 96 97 3 54 88 91 3 22 108 50 25 78 45 84 89 41 102 47 69 
42 0 81 21 71 44 47 109 51 80 82 12 0 18 57 37 54 70 86 1 62 15 3 36 27 15 5 33 101 0 27 68 44 49 59 20 79 20 8 5 51 90 91 64 109 86 79 102 20 39 80 42 80 58 109 25 15 107 82 25 48 25 42 42 42 96 11 3 52 100 103 3 16 56 57 106 100 102 8 35 61 106 51 22 3 71 41 29 74 89 66 95 19 37 101 32 24 94 10 95 
48 96 102 80 56 91 53 26 52 63 43 41 86 81 43 79 106 63 17 87 91 77 70 43 53 42 47 7 1 89 9 20 93 0 66 49 6 6 45 105 85 9 54 38 39 0 17 59 33 2 27 39 8 87 29 49 73 51 90 32 27 56 1 90 4 60 77 66 51 98 100 7 35 82 86 58 57 21 11 97 64 88 106 21 28 51 42 73 45 11 89 26 73 92 3 20 91 57 15 49 
85 41 21 27 67 49 102 3 88 1 33 93 31 39 75 84 13 39 36 40 45 3 0 80 60 84 22 34 4 73 53 57 79 62 8 46 87 74 34 54 40 77 53 85 101 107 106 107 32 76 26 35 89 0 105 53 8 78 14 6 27 11 58 33 78 81 48 31 10 39 70 27 79 33 86 7 109 107 0 28 22 45 76 74 104 49 26 15 15 104 8 30 86 11 73 55 105 94 65 0 
63 64 97 103 44 31 99 31 22 12 9 76 70 14 83 103 31 56 79 14 11 71 2 64 32 21 47 69 64 70 97 27 1 105 48 25 52 75 17 38 71 40 17 93 70 45 70 76 49 88 56 2 18 95 16 79 61 103 108 83 105 69 101 64 65 94 74 69 1 39 84 1 45 80 18 40 31 52 54 96 79 6 3 8 14 33 77 82 100 41 36 80 63 43 100 39 48 20 57 0 
47 5 74 15 54 90 103 103 57 64 92 76 74 37 73 26 10 33 42 88 34 42 24 92 37 97 63 50 52 46 82 108 98 81 63 100 77 18 69 31 62 72 25 48 4 42 89 19 41 96 101 34 20 81 9 12 50 41 95 9 63 49 36 96 62 77 86 69 79 64 82 61 21 7 68 11 93 95 75 9 88 21 52 34 27 61 27 79 44 38 77 32 38 38 53 10 48 19 70 103 
18 32 33 7 75 22 29 73 60 42 21 54 55 93 33 25 31 94 84 54 36 109 25 44 22 81 104 38 57 96 8 20 66 95 37 66 39 87 24 1 57 29 30 33 103 27 35 37 77 7 72 66 93 84 60 17 95 28 15 64 15 68 98 21 103 100 61 54 84 63 10 28 46 17 39 42 71 92 91 2 91 9 67 100 30 62 91 50 88 105 64 73 6 47 57 23 12 93 41 75 
59 58 18 69 21 92 16 34 8 62 42 98 66 29 103 89 10 92 16 23 80 25 92 12 63 74 9 100 6 8 107 100 99 108 66 79 23 90 35 11 86 53 35 1 69 41 77 35 98 56 2 17 99 9 62 42 79 15 10 68 11 22 67 5 23 61 6 52 72 36 11 56 82 8 78 105 59 56 92 16 29 21 23 13 51 93 31 54 40 70 60 41 105 97 12 32 54 43 88 40 
32 64 86 29 68 86 74 51 94 6 73 65 48 105 90 47 19 63 56 73 99 78 41 40 51 59 42 26 57 31 14 73 83 75 16 71 7 92 27 54 66 39 101 96 45 74 50 65 60 60 100 6 32 104 59 16 55 108 40 6 88 50 83 30 90 104 67 0 11 105 58 47 27 31 8 64 79 84 92 75 0 44 46 10 104 57 83 33 7 5 41 66 97 17 23 83 70 6 55 8 
42 53 72 71 68 4 93 75 17 96 20 94 86 27 101 40 60 86 106 93 16 74 65 68 55 17 46 101 103 22 1 42 65 104 72 100 30 33 67 37 107 79 76 80 93 90 8 109 30 68 69 100 43 38 45 31 63 41 41 60 47 49 51 31 40 93 85 79 69 34 34 67 70 95 91 57 50 44 82 103 42 12 80 95 35 77 48 69 61 105 87 0 0 28 82 51 33 65 6 99 
83 55 19 48 70 48 49 39 19 103 75 38 16 34 108 79 63 48 73 46 1 77 107 10 13 15 18 23 49 25 109 18 51 71 26 52 67 65 40 58 18 7 97 97 54 23 53 74 89 18 33 79 85 33 25 8 38 1 20 9 6 86 93 21 29 102 18 63 79 74 88 98 48 34 27 95 75 81 54 41 21 106 48 46 87 72 83 40 78 77 55 104 55 6 84 93 31 16 27 81 
93 27 9 83 101 45 107 47 78 57 96 56 40 88 96 47 60 61 20 43 85 29 68 89 100 94 52 103 30 60 96 60 34 26 102 84 68 34 84 102 92 53 1 35 102 1 58 13 109 74 19 73 51 55 96 108 61 72 84 12 13 26 58 19 5 39 2 85 59 75 22 63 36 61 32 65 36 42 16 63 60 68 59 96 24 33 31 93 32 94 97 3 88 67 24 78 6 50 22 37 
97 60 37 108 33 107 33 103 72 78 29 89 97 98 24 103 85 46 47 81 95 63 80 79 65 96 26 61 19 29 85 105 48 60 79 99 68 40 66 96 79 15 17 37 101 34 77 44 70 24 42 70 35 98 47 32 99 82 93 65 43 36 53 0 40 98 46 9 22 104 106 61 89 54 53 64 68 54 73 38 103 44 106 74 21 35 38 80 33 85 83 90 102 51 30 9 71 22 27 48 
81 93 84 27 88 20 107 53 41 57 53 1 25 35 38 61 19 65 64 99 88 8 30 94 12 14 85 52 100 45 11 87 49 78 13 1 83 33 1 19 90 93 82 78 2 71 67 84 60 86 6 82 88 0 85 55 15 94 85 18 95 65 31 0 94 59 91 75 102 78 27 81 51 99 5 95 43 55 91 4 10 31 106 69 56 15 91 102 53 78 38 103 64 82 80 19 79 95 68 62 
17 5 69 70 1 72 30 23 72 74 90 50 79 23 29 57 18 41 97 41 1 17 105 23 59 15 5 16 95 27 52 64 90 60 71 87 21 46 68 45 6 8 101 29 63 43 93 81 79 46 82 64 30 39 82 14 11 83 109 3 101 46 7 89 65 5 91 32 2 85 49 51 71 75 84 99 50 68 88 44 75 97 3 107 88 76 70 77 85 34 51 63 101 81 91 40 81 37 22 15 
12 40 77 75 72 61 61 61 70 62 8 103 92 70 82 42 14 22 22 34 101 49 103 66 29 30 101 98 22 108 78 49 11 31 20 33 8 87 27 81 67 40 20 36 28 88 97 21 73 3 88 43 86 89 56 26 108 17 8 70 41 39 1 11 107 51 9 45 47 76 51 63 25 11 25 81 42 73 13 48 67 61 92 4 47 84 21 94 99 38 60 100 78 62 73 54 21 91 77 108 
17 105 71 80 69 7 6 105 57 68 81 15 41 63 15 59 51 47 17 34 46 30 5 82 2 3 27 13 28 68 32 48 46 20 51 74 69 99 4 76 48 51 69 51 78 37 104 31 66 33 20 93 57 90 95 47 64 90 61 2 16 39 14 102 34 100 21 10 40 90 12 66 6 34 53 65 18 28 84 84 57 108 3 108 83 100 19 81 97 67 84 5 86 40 35 105 41 79 68 25 
94 79 2 8 88 90 100 51 106 102 88 50 31 88 38 13 66 90 78 28 80 76 62 25 76 106 86 29 9 16 88 22 102 105 103 20 5 61 69 59 25 6 3 0 20 15 68 81 3 56 85 62 67 72 85 72 105 19 41 71 70 29 0 27 15 19 84 0 23 12 89 64 23 66 77 80 71 5 96 36 57 69 66 0 91 49 46 104 54 28 4 67 9 48 11 93 14 27 80 79 
87 80 91 75 3 102 40 89 8 60 73 103 82 20 73 49 34 38 46 50 80 46 36 79 25 29 73 85 70 49 56 9 46 87 29 74 63 69 51 105 97 64 47 10 107 18 26 21 59 60 103 91 54 26 97 61 20 96 53 109 92 68 33 54 87 104 105 56 22 52 87 21 36 11 59 70 57 86 32 26 104 89 101 94 63 76 56 43 45 94 73 93 50 56 42 15 35 93 6 49 
21 83 45 50 71 74 89 53 39 105 66 71 45 3 103 70 94 54 103 46 34 4 54 32 39 46 72 102 90 92 35 109 102 96 53 65 3 54 97 106 65 45 29 15 76 18 2 63 102 47 23 79 13 97 35 99 108 101 21 6 49 51 51 57 16 99 58 24 85 66 42 104 77 50 8 49 91 99 19 59 106 27 20 82 80 33 28 85 3 93 6 85 47 53 44 104 75 29 1 89 
20 35 19 55 46 29 108 55 18 20 77 89 22 107 100 51 12 105 101 86 16 62 4 30 27 79 56 53 81 107 89 92 94 103 86 49 55 100 35 95 30 104 13 10 30 6 57 103 108 40 29 55 95 33 40 31 3 69 12 73 56 52 23 51 65 41 70 57 23 55 59 68 32 88 85 39 108 36 64 99 97 39 29 8 58 57 80 4 108 104 93 22 67 42 67 55 59 12 62 0 
39 58 55 52 94 1 20 109 13 81 58 84 38 84 22 51 13 1 20 96 23 2 49 107 17 72 2 49 105 69 107 75 43 27 50 54 69 83 57 40 3 87 81 47 56 81 14 42 107 65 43 1 86 92 103 102 19 34 88 29 92 65 16 29 85 10 52 36 70 4 56 84 9 4 59 66 36 41 68 6 53 21 60 21 3 105 21 81 78 43 75 19 2 63 27 89 16 0 91 58 
79 99 42 37 10 108 48 30 17 54 22 50 98 18 69 19 56 12 43 1 98 16 90 8 46 13 91 44 106 100 69 64 15 8 16 68 46 70 22 94 13 86 8 52 67 13 16 27 87 73 98 33 14 40 101 55 69 93 73 50 28 80 70 96 103 77 12 1 34 96 19 10 39 15 61 108 84 45 49 96 4 84 108 14 71 53 50 54 67 5 67 13 59 105 81 94 38 102 105 60 
5 59 61 1 107 103 91 32 27 82 75 57 31 57 66 83 24 40 24 95 43 42 6 87 107 74 80 63 2 95 104 63 74 104 32 56 87 18 63 37 85 90 33 68 86 45 97 7 16 45 86 78 43 50 86 84 7 33 86 79 89 103 52 70 105 52 21 45 65 23 96 85 18 91 49 78 10 69 56 82 90 71 51 5 60 86 74 93 26 52 58 100 26 55 12 2 43 10 11 32 
39 82 69 100 60 35 82 97 100 6 103 52 72 80 31 88 60 39 17 106 4 24 3 59 34 30 53 35 91 103 89 64 16 87 17 108 21 57 31 85 31 87 2 14 93 103 104 89 78 44 62 21 104 35 67 53 1 17 7 46 51 17 38 72 14 62 55 2 93 58 28 102 102 33 13 37 87 50 26 81 59 64 99 102 5 52 20 2 5 27 78 12 104 64 30 100 32 10 97 77 
10 75 49 94 54 74 79 30 100 69 73 66 5 7 95 36 105 18 108 45 43 91 72 40 46 14 31 61 94 3 38 40 16 62 9 38 14 105 17 43 13 32 91 46 85 67 43 79 104 2 56 64 56 31 68 89 93 103 100 25 65 60 46 101 104 97 97 78 52 43 27 65 70 39 27 71 40 21 98 36 95 71 28 19 14 85 7 8 97 52 61 85 58 68 56 62 49 43 91 30 
40 106 44 73 61 0 2 31 88 48 80 61 83 6 55 45 52 8 97 34 79 55 20 0 10 83 74 63 92 68 51 15 22 89 34 27 22 21 32 61 74 93 78 66 40 109 8 32 94 11 53 72 11 38 61 8 21 63 107 56 101 106 13 73 92 18 27 94 38 17 107 108 88 18 24 78 98 50 78 53 13 2 17 34 31 69 15 42 75 25 81 71 109 109 50 12 96 13 50 80 
67 109 0 34 40 78 53 33 76 13 72 13 92 16 99 27 78 34 87 107 56 4 35 33 90 99 51 50 43 105 4 69 54 10 81 21 31 72 102 82 103 81 79 95 102 66 90 48 101 0 68 76 4 87 94 40 39 94 71 85 41 63 102 79 106 18 105 23 1 97 60 76 100 77 86 36 37 70 96 81 26 81 75 63 36 15 83 101 103 45 19 96 70 84 57 94 71 63 95 53 
48 29 13 24 77 10 21 40 109 60 79 40 22 81 95 34 81 79 70 47 109 103 85 105 59 97 56 82 109 90 65 108 16 28 99 52 77 77 88 86 48 107 102 74 87 106 71 40 84 61 93 86 29 91 90 40 77 98 41 34 2 103 98 20 83 14 41 87 83 17 1 7 4 103 79 87 6 80 42 53 43 70 9 33 86 62 50 104 88 89 10 83 67 96 83 70 96 71 5 45 
97 90 74 25 102 11 86 32 9 45 44 107 47 78 99 76 94 31 23 3 1 81 69 20 103 35 29 22 70 2 31 2 28 83 103 13 74 60 77 106 59 4 13 76 19 44 6 96 77 83 3 83 63 75 32 105 69 60 56 82 79 92 89 95 93 10 75 105 14 82 71 105 58 35 6 105 103 57 26 59 23 74 99 68 40 106 14 15 84 93 50 5 99 9 49 75 78 109 51 47 
109 100 78 36 64 77 78 67 70 58 24 53 18 102 88 79 12 31 24 8 52 99 94 58 61 35 108 57 29 8 67 59 96 38 51 10 32 104 99 20 98 22 62 32 45 72 74 10 9 29 68 38 40 70 79 31 36 67 67 7 26 30 53 45 10 99 96 36 6 20 71 102 97 101 2 25 57 37 25 104 93 43 95 100 76 1 49 35 108 61 91 86 61 67 66 37 39 33 50 95 
26 17 86 78 65 34 8 46 81 108 25 35 21 73 14 42 78 45 5 84 104 92 44 1 59 93 88 15 109 70 40 29 8 106 8 1 26 15 26 32 107 70 13 57 61 88 88 65 57 109 17 29 83 90 71 43 72 50 106 23 90 60 87 54 79 44 6 37 71 11 87 65 70 70 89 107 97 41 38 83 87 52 17 9 55 7 95 42 31 4 27 88 96 11 16 57 32 47 29 8 
36 92 88 76 9 89 47 98 99 101 88 12 34 55 20 94 27 18 80 103 63 99 72 51 58 15 56 8 2 40 46 107 98 46 76 53 104 57 35 65 49 26 26 66 10 59 85 100 4 53 17 98 56 57 14 41 97 69 39 61 30 100 66 52 30 102 46 36 10 95 81 29 79 4 47 3 47 46 93 35 30 8 60 91 42 67 95 68 73 45 81 72 46 105 65 44 18 17 78 96 
40 99 12 107 1 90 19 1 3 106 13 61 58 99 12 54 16 42 88 50 49 38 38 99 0 101 50 72 53 45 19 92 73 97 106 66 88 107 75 55 0 61 11 82 42 82 61 21 75 87 105 95 101 44 101 91 58 38 70 13 14 69 5 30 1 50 23 3 66 73 94 91 106 35 34 73 90 57 55 48 13 94 66 3 98 13 46 71 16 30 21 53 23 29 67 3 78 17 87 10 
57 21 54 53 37 63 45 80 1 28 30 19 10 70 33 34 25 21 41 19 3 100 69 59 24 82 85 37 27 45 36 47 14 99 10 39 32 61 71 74 13 90 71 0 26 50 16 54 75 91 94 78 65 85 82 98 63 96 18 78 55 44 93 2 44 22 62 89 36 55 97 61 62 80 40 44 106 34 68 102 33 82 4 61 90 0 92 52 27 2 43 84 41 53 96 33 89 36 92 87 
40 2 96 101 47 36 53 106 88 76 41 29 64 77 59 64 7 20 2 71 78 85 20 1 26 36 56 109 106 14 63 24 19 14 75 106 31 0 90 103 108 55 14 12 11 68 68 108 98 69 64 42 42 63 12 105 44 0 81 101 6 9 97 55 108 53 52 46 87 5 23 0 16 48 85 82 65 101 4 62 105 57 88 25 9 49 52 70 49 77 8 108 13 60 4 79 21 25 54 85 
7 86 11 71 47 69 81 46 30 23 88 23 82 37 51 62 67 25 25 103 38 53 88 59 53 10 26 39 22 11 53 77 106 47 29 22 108 28 1 103 66 17 46 58 73 33 85 104 61 79 13 86 65 70 61 94 92 92 57 61 3 51 48 42 38 34 71 28 21 81 103 93 98 79 15 35 9 57 87 71 79 60 89 34 9 29 95 102 31 82 16 20 81 31 27 70 36 74 22 62 
69 2 41 32 45 18 108 3 84 65 5 19 64 30 14 98 61 82 8 25 94 53 55 37 94 36 16 73 77 67 17 86 9 65 94 63 83 60 47 60 3 53 53 85 13 27 20 31 54 81 92 95 81 77 70 66 68 91 74 99 30 34 6 66 19 98 85 70 30 92 41 72 32 69 45 20 64 84 23 105 68 43 106 105 27 78 0 14 53 33 62 14 32 105 71 17 94 11 94 60 
96 22 86 103 35 56 68 15 53 55 98 92 0 83 62 97 20 20 103 61 47 25 102 48 49 59 20 64 63 17 104 65 34 32 69 29 36 103 11 51 99 20 52 104 104 41 62 96 76 46 77 30 85 10 104 76 60 4 53 38 40 62 28 23 75 99 10 45 43 41 37 105 2 92 33 12 59 56 105 88 71 35 31 97 21 47 31 107 58 86 3 94 92 77 34 26 37 74 2 48 
7 46 50 20 95 42 77 72 17 71 101 70 101 84 79 94 97 20 2 95 6 49 73 21 58 44 91 33 73 70 49 67 36 57 20 64 92 82 87 108 9 36 94 106 104 67 63 72 58 58 62 68 28 60 108 63 69 107 102 70 11 32 64 7 98 77 89 106 36 69 107 45 77 86 99 22 22 72 77 83 47 16 64 27 39 4 94 74 19 57 17 97 92 28 50 28 99 38 4 62 
79 76 33 97 107 35 24 84 30 92 97 33 3 73 72 52 97 49 21 82 16 21 100 18 52 103 59 80 2 72 9 35 1 60 70 67 43 104 22 16 37 99 17 30 99 90 85 3 35 94 52 108 18 17 96 10 73 2 36 59 63 66 104 67 0 66 17 94 17 100 89 13 14 103 17 13 66 4 17 54 14 43 52 60 25 61 42 76 40 11 15 47 71 101 79 98 85 65 25 12 
72 68 77 89 66 109 52 17 1 24 73 67 26 91 100 33 39 75 49 14 37 44 16 43 81 94 103 89 40 104 15 100 41 97 59 14 80 26 51 54 98 45 88 12 45 36 6 7 61 83 94 28 109 80 9 61 109 75 78 92 67 38 42 12 55 53 62 82 91 65 86 69 74 28 55 56 78 109 26 5 6 108 66 78 16 87 19 42 23 32 47 18 86 99 20 26 32 62 33 3 
90 62 95 87 9 14 22 37 63 97 42 109 65 3 64 68 77 31 53 8 2 4 52 39 60 77 41 86 101 46 34 85 44 50 70 28 97 3 56 65 87 90 92 25 81 46 4 2 94 57 4 106 14 65 14 24 8 28 82 80 19 89 73 4 61 76 58 107 27 88 83 3 2 82 41 63 2 94 44 48 58 44 34 6 69 74 23 31 12 38 87 50 76 75 7 100 73 101 84 8 
70 35 41 59 58 95 38 84 1 103 98 74 74 45 73 43 52 32 58 11 46 28 58 5 2 8 37 0 11 82 99 94 57 97 59 33 101 47 12 8 6 28 90 88 38 96 39 91 1 18 23 95 105 28 34 104 55 9 71 17 7 95 103 30 98 33 39 106 43 109 30 102 80 61 33 105 6 55 98 84 107 91 94 23 100 21 77 55 50 25 41 81 42 22 21 15 38 87 43 6 
106 88 27 72 93 38 66 87 41 33 50 78 94 78 16 104 44 82 16 24 99 78 102 79 65 87 81 74 24 23 64 9 99 51 72 73 49 84 68 32 18 77 90 24 29 11 62 88 33 15 40 93 45 51 80 39 85 4 75 80 88 36 41 19 45 67 29 70 5 76 29 54 103 10 41 38 72 101 75 88 1 14 15 100 87 16 37 94 74 48 94 43 23 45 13 84 106 10 78 58 
93 100 84 62 51 79 2 82 39 38 107 19 3 65 49 21 23 90 70 44 42 86 52 43 14 13 34 106 62 39 102 10 83 100 38 30 50 54 43 49 91 9 100 10 16 100 33 26 45 48 28 6 79 96 21 107 6 46 99 44 43 36 20 32 16 7 65 88 23 71 66 69 106 31 8 99 5 97 38 74 6 22 26 87 84 87 54 20 12 61 109 38 11 26 16 91 43 82 1 2 
18 60 68 68 67 94 4 69 71 50 22 16 49 98 26 39 52 7 13 91 91 71 73 22 30 27 87 73 3 42 10 60 53 18 35 108 37 96 5 17 44 67 15 66 10 75 52 100 43 65 91 16 76 101 25 97 67 59 99 99 21 43 87 8 77 99 64 80 37 85 80 2 65 88 95 66 78 6 70 68 31 76 27 32 15 106 37 27 32 43 81 45 2 89 92 77 14 69 93 38 
97 50 86 87 106 33 46 50 39 104 66 75 56 19 34 11 74 70 71 93 106 33 91 27 27 43 85 97 97 107 44 68 35 17 31 78 55 45 104 26 77 13 32 78 4 76 84 90 102 98 50 13 24 44 59 50 16 39 72 105 109 1 96 30 107 84 6 67 90 21 77 5 95 11 19 25 40 33 106 4 36 43 35 85 107 67 4 108 52 18 74 64 109 83 48 99 15 94 60 58 
67 95 7 24 17 80 91 45 15 34 35 91 90 19 47 70 106 16 19 21 20 56 15 28 93 73 36 66 62 53 42 1 107 93 77 66 46 4 108 73 66 58 77 93 19 47 102 25 26 45 64 100 16 95 14 27 104 13 35 96 18 39 71 76 74 90 30 11 77 88 19 72 17 27 80 89 39 29 42 40 72 62 94 67 44 85 91 4 72 28 59 11 101 65 99 18 49 73 33 65 
62 68 77 13 87 53 66 37 8 81 50 90 73 97 108 25 62 98 74 38 101 94 59 10 87 87 10 20 88 96 109 109 67 94 80 81 58 72 28 14 27 60 26 29 107 7 64 7 97 12 60 76 66 79 69 71 104 70 79 28 81 29 92 21 15 27 76 68 90 4 27 26 1 80 66 72 63 1 31 52 39 3 39 23 57 76 15 20 19 30 18 26 54 25 100 96 39 90 90 67 
50 17 41 26 98 3 20 83 5 83 64 13 70 66 34 85 62 15 14 108 93 54 49 25 77 72 7 62 49 47 88 51 5 94 104 51 76 36 61 50 74 13 24 1 40 102 74 46 77 95 93 65 107 89 52 17 16 33 80 51 105 82 11 100 48 42 68 37 66 85 102 1 28 67 86 92 35 21 103 97 25 15 50 48 7 49 105 67 10 53 30 80 38 72 27 14 23 108 104 89 
93 39 79 93 14 84 11 16 21 107 13 31 42 75 107 59 37 104 4 79 44 55 69 9 0 17 101 81 20 105 86 46 79 104 90 90 40 90 58 59 32 47 9 12 72 46 56 3 107 33 72 92 94 6 76 9 28 57 105 56 52 87 85 58 83 1 22 70 50 85 49 93 73 102 39 15 7 47 72 98 70 47 37 99 4 63 98 7 16 49 23 105 63 72 59 76 58 92 71 24 
49 99 42 50 71 41 63 108 59 86 40 68 50 58 24 2 94 59 55 9 67 29 5 94 91 81 70 12 96 56 106 79 34 7 5 87 12 100 67 88 87 52 64 33 66 6 16 3 63 18 38 86 18 72 95 21 44 43 55 64 106 86 8 70 2 64 21 39 101 29 0 108 9 104 72 24 58 94 18 27 42 24 17 8 28 100 96 4 83 96 109 50 54 33 84 10 17 40 69 78 
45 37 61 80 5 100 54 14 85 91 85 70 84 60 29 64 103 38 27 64 25 78 27 44 51 106 15 29 33 66 88 6 31 71 79 73 15 16 72 75 30 48 87 15 65 23 21 21 22 10 27 83 64 95 89 30 24 71 45 63 29 74 50 13 69 46 17 85 12 22 81 62 85 14 6 77 4 4 31 92 14 96 97 63 63 51 50 52 102 60 83 57 84 41 93 61 19 43 38 95 
26 68 93 49 45 41 81 93 13 107 5 108 75 2 92 20 49 45 53 96 3 2 89 62 28 8 73 109 95 107 45 76 94 68 59 86 0 8 15 94 26 25 43 58 57 21 49 73 47 99 97 16 14 49 91 22 101 13 13 102 97 22 7 71 79 66 92 56 90 87 23 83 62 88 88 74 101 27 18 74 17 1 10 100 20 57 61 69 54 68 35 31 52 71 77 16 35 42 89 41 
106 90 17 93 88 99 39 104 73 5 71 84 20 45 103 90 43 27 24 23 105 29 82 5 6 106 47 69 15 96 67 16 86 37 93 16 18 56 35 50 52 2 57 44 99 6 91 82 6 14 13 30 97 19 38 34 97 4 80 52 14 55 104 87 77 68 44 67 52 87 55 64 19 87 95 63 60 21 109 83 70 12 100 8 61 96 3 66 108 43 77 77 36 17 10 75 13 34 27 67 
40 36 62 45 85 98 34 46 54 26 58 41 39 17 103 59 95 49 67 52 57 22 80 46 68 61 3 27 19 21 100 11 85 45 16 98 106 35 109 23 33 47 18 44 32 57 96 19 83 12 66 19 53 9 92 34 85 92 40 49 15 0 13 106 13 98 9 74 36 2 16 106 46 34 72 66 53 38 7 99 87 106 30 74 39 11 73 11 32 48 42 14 71 107 86 34 28 94 5 18 
34 12 85 102 26 32 65 83 104 54 65 45 90 106 44 32 93 18 35 26 18 8 33 52 71 74 1 22 74 75 39 90 106 66 44 7 44 36 57 94 79 43 35 45 85 2 25 96 21 71 99 51 89 20 102 70 103 33 39 77 25 4 58 41 35 103 12 95 90 73 18 6 59 7 103 106 63 94 93 87 74 43 36 17 44 90 16 73 64 14 65 43 28 87 29 1 82 68 105 47 
50 41 52 91 23 85 101 69 108 69 65 107 62 59 62 83 30 46 47 49 85 42 73 41 86 35 44 39 80 68 81 12 58 33 74 7 37 91 70 74 16 74 16 30 8 14 70 84 73 70 41 28 9 94 78 81 100 23 0 57 55 12 4 52 35 85 15 54 104 56 60 6 32 73 91 46 33 32 7 81 38 92 61 5 87 24 29 67 40 39 70 11 41 23 4 100 33 64 98 19 
71 73 102 66 26 29 8 98 36 91 42 87 62 45 34 81 75 88 99 66 5 27 11 27 38 108 109 90 72 43 43 31 50 31 50 49 7 2 109 3 34 50 56 102 105 48 71 39 33 0 97 19 91 24 37 87 31 42 4 0 92 44 41 27 83 58 106 70 32 23 63 99 61 27 39 83 90 59 26 34 82 1 55 7 92 17 5 41 78 15 81 95 39 82 54 33 30 107 0 102 
82 15 36 68 108 25 9 104 10 24 57 95 29 6 19 2 12 59 70 8 86 72 71 32 47 42 59 97 92 100 44 53 40 35 26 99 2 9 68 51 29 80 106 58 99 30 96 10 59 84 45 3 73 31 36 83 91 57 77 71 36 52 57 56 41 58 77 44 44 99 68 80 4 88 10 61 74 47 50 82 11 15 62 47 75 51 13 58 5 53 21 86 96 104 17 21 58 23 81 51 
58 75 23 36 8 50 94 86 104 79 106 98 97 49 86 24 95 67 39 71 106 4 99 20 24 49 41 79 34 103 44 97 43 14 70 2 20 74 101 46 107 18 47 32 1 76 101 20 44 58 3 39 66 105 92 37 104 95 22 68 100 21 68 78 45 27 94 83 58 19 71 57 39 78 24 83 20 44 92 37 60 85 99 36 99 0 34 54 104 37 86 32 16 68 46 62 35 34 23 3 
21 63 85 89 6 29 74 43 103 83 25 80 26 86 99 11 99 25 93 65 65 22 17 27 109 22 36 16 47 4 3 72 23 78 24 103 72 105 50 75 83 27 72 36 59 11 53 48 44 68 4 17 81 19 84 69 51 68 94 2 37 83 12 28 57 101 3 19 67 30 4 84 91 96 107 37 39 102 21 41 80 15 92 12 101 49 94 15 28 16 87 33 6 17 6 11 23 13 7 29 
91 59 42 100 16 21 65 33 39 101 93 40 31 42 91 10 19 61 2 57 14 105 61 88 54 98 49 106 33 12 93 54 23 24 104 34 86 30 80 70 99 24 46 66 15 41 86 105 105 44 49 10 28 48 66 65 14 92 95 99 106 12 39 71 7 18 56 26 109 21 37 52 33 32 41 76 22 66 43 85 91 94 93 54 92 70 100 77 28 0 104 29 82 6 78 97 59 34 22 7 
98 2 94 39 107 89 98 39 98 31 40 6 75 65 99 38 42 92 3 47 46 27 39 21 43 42 50 7 41 47 40 41 72 20 89 93 90 67 26 77 106 95 37 38 18 53 44 23 35 8 88 8 44 44 8 100 31 8 49 62 64 85 86 14 25 101 108 33 24 92 61 6 109 2 70 29 88 68 29 14 20 27 54 23 11 84 25 98 26 66 36 60 88 91 57 39 57 57 69 9 
84 2 71 31 38 17 56 42 11 107 71 11 67 102 29 32 73 6 17 92 37 54 47 41 22 41 105 86 0 103 69 97 8 26 71 26 2 86 7 90 3 39 26 12 62 102 44 49 22 81 40 90 102 31 46 30 62 77 97 85 19 13 40 79 5 46 75 90 4 0 89 1 58 95 28 8 12 99 53 78 56 21 92 22 71 81 33 7 4 50 61 79 108 59 22 34 105 73 5 109 
7 96 5 96 74 109 20 107 40 74 26 101 65 31 81 70 105 24 47 7 7 64 4 99 55 84 53 31 38 86 103 3 83 18 28 84 91 7 51 70 107 84 96 13 71 70 7 24 71 73 63 68 22 52 19 56 41 6 52 3 94 13 16 74 107 85 32 27 33 106 3 24 74 64 39 40 47 83 5 31 31 60 104 7 36 30 26 100 53 90 71 34 27 39 45 64 28 5 102 56 
58 18 21 105 92 43 83 3 108 15 90 89 109 93 29 4 79 5 12 55 34 80 94 7 14 54 73 48 51 55 84 103 73 86 12 14 62 69 98 0 90 16 21 75 84 69 67 61 42 105 11 20 72 96 15 60 88 17 6 25 96 58 89 16 56 46 96 73 88 64 50 63 93 73 83 87 40 1 102 51 22 93 68 23 15 94 25 63 11 9 55 36 82 84 15 94 75 15 24 9 
33 90 3 50 100 67 12 79 76 83 80 2 38 13 16 85 85 46 30 71 69 102 4 69 53 70 33 30 67 39 104 33 98 90 21 37 56 37 14 86 103 92 81 100 79 1 33 52 37 76 78 30 82 104 23 22 55 77 39 0 26 74 67 9 1 53 18 23 40 72 74 64 64 108 71 69 87 55 108 35 76 51 20 54 103 69 55 54 1 21 67 61 37 66 28 101 93 8 49 36 
10 50 89 100 79 15 22 56 57 107 94 42 10 108 38 65 58 24 2 21 102 76 5 106 37 105 67 15 66 22 88 62 48 27 88 89 34 61 17 97 82 104 2 78 16 38 44 106 65 19 64 89 22 97 56 62 37 89 26 64 86 14 54 101 83 28 69 73 90 67 103 36 25 51 80 33 35 36 95 107 21 74 69 16 106 40 40 48 73 50 75 105 69 18 32 34 29 5 63 14 
8 16 75 35 91 51 101 80 46 106 29 108 47 15 68 104 53 104 108 33 98 107 87 7 39 9 84 95 3 0 66 34 103 74 42 3 37 94 14 61 82 58 71 52 61 48 11 34 99 7 85 32 50 53 83 9 100 29 17 41 67 80 0 75 57 89 55 73 9 69 3 12 59 75 11 50 23 21 95 19 5 52 14 10 94 45 23 58 107 48 104 5 51 69 86 59 76 30 1 106 
57 49 77 13 82 84 4 106 102 12 53 5 105 75 7 45 101 104 60 20 54 72 83 96 85 76 54 76 50 42 38 76 40 23 106 54 22 74 8 39 98 55 99 78 6 2 24 61 1 68 102 49 4 83 64 44 44 20 59 68 93 75 33 32 13 16 79 38 98 67 28 22 4 91 105 45 61 71 30 82 61 1 12 61 2 71 99 26 5 102 68 38 51 60 22 16 61 33 52 43 
81 8 6 41 72 105 109 46 62 71 1 72 42 42 45 102 44 22 20 49 76 37 56 25 42 4 80 91 89 98 31 37 99 106 59 86 27 27 93 58 95 76 33 40 90 62 96 4 104 23 57 58 32 93 43 104 98 89 95 62 76 74 8 43 86 60 25 103 13 90 54 11 102 71 30 67 104 29 99 109 105 40 6 109 94 6 57 86 11 75 25 104 94 2 107 65 105 76 42 75 
34 92 28 60 29 50 76 51 99 109 59 71 88 33 63 33 75 60 105 60 58 67 5 93 39 56 86 86 87 68 39 61 21 19 29 60 59 76 23 22 51 98 68 101 62 22 50 98 46 96 44 89 41 75 6 95 49 59 79 108 68 46 43 41 20 72 42 9 98 75 58 47 94 95 8 97 49 81 11 4 70 30 83 91 99 7 48 43 25 33 14 32 24 15 59 50 72 5 96 72 
106 32 96 39 30 35 91 60 32 12 1 28 20 0 75 71 96 34 8 108 77 5 15 13 48 91 35 107 0 56 49 35 73 73 75 56 11 57 59 83 88 62 91 29 92 42 48 33 29 89 50 88 7 95 82 4 4 102 24 82 45 106 37 61 82 102 80 88 78 3 87 14 48 30 49 52 16 95 50 97 54 82 3 97 8 2 39 57 45 66 14 94 100 45 23 49 24 43 93 53 
109 67 50 81 66 0 53 19 58 29 84 56 79 106 8 70 7 27 14 28 40 5 61 31 106 90 68 53 12 57 32 31 105 9 82 105 91 72 0 46 24 55 31 67 16 27 53 5 71 18 23 13 46 18 85 18 28 41 55 1 44 80 13 88 37 30 21 98 55 67 58 73 14 47 74 26 94 80 68 18 92 105 107 46 102 56 32 3 86 95 81 83 51 3 10 84 83 46 83 61 
10 62 26 17 46 37 87 62 13 46 50 109 23 59 82 3 5 96 109 61 47 2 18 17 54 9 22 88 11 31 16 109 58 85 93 66 59 14 5 55 11 13 64 63 32 26 2 12 99 41 45 73 6 98 21 0 65 80 51 96 104 68 1 96 16 19 19 78 45 95 78 78 10 64 18 24 47 105 52 58 25 66 109 53 89 97 0 75 94 29 98 4 101 88 7 28 39 31 15 97 
20 30 70 54 96 56 1 27 73 78 79 64 1 25 22 24 90 9 21 83 39 22 96 106 53 104 28 53 33 71 16 63 106 16 96 42 94 5 108 24 48 78 46 59 31 76 45 71 12 109 48 48 92 22 32 108 75 65 61 109 83 89 20 11 103 96 27 108 87 59 108 37 82 82 59 32 80 19 14 73 23 52 42 57 5 107 26 109 74 11 97 40 77 40 63 100 30 99 29 2 
83 63 94 62 42 60 2 77 44 31 77 34 17 24 44 45 106 106 7 74 84 99 93 76 10 59 64 48 48 3 29 49 35 25 22 100 29 3 0 99 28 13 34 0 37 62 42 71 39 100 77 25 34 69 98 109 63 84 88 72 102 71 66 58 46 34 35 31 9 6 15 28 86 0 86 47 2 14 86 26 46 3 96 38 25 11 92 67 54 1 21 6 3 10 54 63 18 54 3 16 
84 9 14 41 93 47 0 30 106 107 73 100 79 54 74 37 35 14 44 31 98 57 87 63 16 107 13 94 33 3 93 50 104 90 10 50 97 84 8 10 15 74 58 100 89 13 86 80 49 42 66 69 75 42 47 80 15 71 2 105 95 53 109 95 32 69 85 54 36 14 33 27 16 38 21 2 79 2 22 92 15 87 89 6 98 106 50 69 14 108 14 108 33 66 107 26 72 2 76 74 
81 107 5 85 87 77 76 65 61 10 20 57 16 13 98 94 63 38 8 89 71 49 11 24 90 92 9 68 4 43 77 9 72 20 108 11 60 72 26 12 2 41 47 40 6 9 2 13 64 77 74 66 10 102 102 73 27 80 30 69 52 103 28 102 0 20 72 109 30 103 38 97 103 52 62 61 32 52 13 64 74 65 58 57 55 41 67 10 85 64 23 41 8 3 10 92 103 22 52 56 
75 58 7 90 73 104 106 59 14 25 16 34 25 29 54 20 51 88 33 40 12 8 57 74 92 105 77 35 17 99 81 98 23 65 19 48 105 70 88 50 45 14 35 77 98 24 61 11 97 12 44 97 82 98 36 80 91 101 51 103 1 3 40 69 32 70 46 8 63 69 15 58 68 23 72 64 94 80 61 71 3 61 40 106 55 86 23 64 47 37 41 98 5 34 72 90 7 86 37 28 
